,weekly_box_office_lag1,google_trends_lag1,reddit_mentions_lag1,reddit_sentiment_filled_lag1,imdb_rating,log_imdb_votes,imdb_runtime_minutes,log_google_trends,log_reddit_mentions,target_next
weekly_box_office_lag1,1.0,0.0652,0.6635,0.1324,-0.322,-0.322,-0.322,0.0629,0.2514,0.9825
google_trends_lag1,0.0652,1.0,0.0688,-0.0073,0.693,0.693,0.693,0.8957,0.2716,0.1601
reddit_mentions_lag1,0.6635,0.0688,1.0,-0.0757,-0.1061,-0.1061,-0.1061,0.0865,0.3456,0.6012
reddit_sentiment_filled_lag1,0.1324,-0.0073,-0.0757,1.0,-0.0692,-0.0692,-0.0692,0.0165,0.2517,0.1555
imdb_rating,-0.322,0.693,-0.1061,-0.0692,1.0,1.0,1.0,0.8535,0.0752,-0.2897
log_imdb_votes,-0.322,0.693,-0.1061,-0.0692,1.0,1.0,1.0,0.8535,0.0752,-0.2897
imdb_runtime_minutes,-0.322,0.693,-0.1061,-0.0692,1.0,1.0,1.0,0.8535,0.0752,-0.2897
log_google_trends,0.0629,0.8957,0.0865,0.0165,0.8535,0.8535,0.8535,1.0,0.2915,0.1232
log_reddit_mentions,0.2514,0.2716,0.3456,0.2517,0.0752,0.0752,0.0752,0.2915,1.0,0.4597
target_next,0.9825,0.1601,0.6012,0.1555,-0.2897,-0.2897,-0.2897,0.1232,0.4597,1.0
